6.527777778
6.530092593
6.532407407
6.534722222
6.537037037
6.539351852
6.541666667
6.543981481
6.546296296
6.548611111
6.550925926
6.553240741
6.555555556
6.55787037
6.560185185
6.5625
6.564814815
6.56712963
6.569444444
6.571759259
6.574074074
6.576388889
6.578703704
6.581018519
6.583333333
6.585648148
6.587962963
6.590277778
6.592592593
6.594907407
6.597222222
6.599537037
6.601851852
6.604166667
6.606481481
6.608796296
6.611111111
6.613425926
6.615740741
6.618055556
6.62037037
6.622685185
6.625
6.627314815
6.62962963
6.631944444
6.634259259
6.636574074
6.638888889
6.641203704
6.643518519
6.645833333
6.648148148
6.650462963
6.652777778
6.655092593
6.657407407
6.659722222
6.662037037
6.664351852
6.666666667
6.652777778
6.638888889
6.625
6.611111111
6.597222222
6.583333333
6.569444444
6.555555556
6.541666667
6.527777778
6.513888889
6.5
6.486111111
6.472222222
6.458333333
6.444444444
6.430555556
6.416666667
6.402777778
6.388888889
6.375
6.361111111
6.347222222
6.333333333
6.319444444
6.305555556
6.291666667
6.277777778
6.263888889
6.25
6.25462963
6.259259259
6.263888889
6.268518519
6.273148148
6.277777778
6.282407407
6.287037037
6.291666667
6.296296296
6.300925926
6.305555556
6.310185185
6.314814815
6.319444444
6.324074074
6.328703704
6.333333333
6.337962963
6.342592593
6.347222222
6.351851852
6.356481481
6.361111111
6.365740741
6.37037037
6.375
6.37962963
6.384259259
6.388888889
6.393518519
6.398148148
6.402777778
6.407407407
6.412037037
6.416666667
6.421296296
6.425925926
6.430555556
6.435185185
6.439814815
6.444444444
6.449074074
6.453703704
6.458333333
6.462962963
6.467592593
6.472222222
6.476851852
6.481481481
6.486111111
6.490740741
6.49537037
6.5
6.50462963
6.509259259
6.513888889
6.518518519
6.523148148
6.527777778
6.530092593
6.532407407
6.534722222
6.537037037
6.539351852
6.541666667
6.543981481
6.546296296
6.548611111
6.550925926
6.553240741
6.555555556
6.55787037
6.560185185
6.5625
6.564814815
6.56712963
6.569444444
6.571759259
6.574074074
6.576388889
6.578703704
6.581018519
6.583333333
6.585648148
6.587962963
6.590277778
6.592592593
6.594907407
6.597222222
6.599537037
6.601851852
6.604166667
6.606481481
6.608796296
6.611111111
6.613425926
6.615740741
6.618055556
6.62037037
6.622685185
6.625
6.627314815
6.62962963
6.631944444
6.634259259
6.636574074
6.638888889
6.641203704
6.643518519
6.645833333
6.648148148
6.650462963
6.652777778
6.655092593
6.657407407
6.659722222
6.662037037
6.664351852
6.666666667
6.736111111
6.805555556
6.875
6.944444444
7.013888889
7.083333333
7.152777778
7.222222222
7.291666667
7.361111111
7.430555556
7.5
7.569444444
7.638888889
7.708333333
7.777777778
7.847222222
7.916666667
7.986111111
8.055555556
8.125
8.194444444
8.263888889
8.333333333
8.402777778
8.472222222
8.541666667
8.611111111
8.680555556
8.75
8.796296296
8.842592593
8.888888889
8.935185185
8.981481481
9.027777778
9.074074074
9.12037037
9.166666667
9.212962963
9.259259259
9.305555556
9.351851852
9.398148148
9.444444444
9.490740741
9.537037037
9.583333333
9.62962963
9.675925926
9.722222222
9.768518519
9.814814815
9.861111111
9.907407407
9.953703704
10
10.0462963
10.09259259
10.13888889
10.19907407
10.25925926
10.31944444
10.37962963
10.43981481
10.5
10.56018519
10.62037037
10.68055556
10.74074074
10.80092593
10.86111111
10.9212963
10.98148148
11.04166667
11.10185185
11.16203704
11.22222222
11.28240741
11.34259259
11.40277778
11.46296296
11.52314815
11.58333333
11.64351852
11.7037037
11.76388889
11.82407407
11.88425926
11.94444444
11.99074074
12.03703704
12.08333333
12.12962963
12.17592593
12.22222222
12.26851852
12.31481481
12.36111111
12.40740741
12.4537037
12.5
12.5462963
12.59259259
12.63888889
12.68518519
12.73148148
12.77777778
12.82407407
12.87037037
12.91666667
12.96296296
13.00925926
13.05555556
13.10185185
13.14814815
13.19444444
13.24074074
13.28703704
13.33333333
13.2962963
13.25925926
13.22222222
13.18518519
13.14814815
13.11111111
13.07407407
13.03703704
13
12.96296296
12.92592593
12.88888889
12.85185185
12.81481481
12.77777778
12.74074074
12.7037037
12.66666667
12.62962963
12.59259259
12.55555556
12.51851852
12.48148148
12.44444444
12.40740741
12.37037037
12.33333333
12.2962963
12.25925926
12.22222222
12.125
12.02777778
11.93055556
11.83333333
11.73611111
11.63888889
11.54166667
11.44444444
11.34722222
11.25
11.15277778
11.05555556
10.95833333
10.86111111
10.76388889
10.66666667
10.56944444
10.47222222
10.375
10.27777778
10.18055556
10.08333333
9.986111111
9.888888889
9.791666667
9.694444444
9.597222222
9.5
9.402777778
9.305555556
9.199074074
9.092592593
8.986111111
8.87962963
8.773148148
8.666666667
8.560185185
8.453703704
8.347222222
8.240740741
8.134259259
8.027777778
7.921296296
7.814814815
7.708333333
7.601851852
7.49537037
7.388888889
7.282407407
7.175925926
7.069444444
6.962962963
6.856481481
6.75
6.643518519
6.537037037
6.430555556
6.324074074
6.217592593
6.111111111
6.092592593
6.074074074
6.055555556
6.037037037
6.018518519
6
5.981481481
5.962962963
5.944444444
5.925925926
5.907407407
5.888888889
5.87037037
5.851851852
5.833333333
5.814814815
5.796296296
5.777777778
5.759259259
5.740740741
5.722222222
5.703703704
5.685185185
5.666666667
5.648148148
5.62962963
5.611111111
5.592592593
5.574074074
5.555555556
5.555555556
5.555555556
5.555555556
5.555555556
5.555555556
5.555555556
5.555555556
5.555555556
5.555555556
5.555555556
5.555555556
5.555555556
5.555555556
5.555555556
5.555555556
5.555555556
5.555555556
5.555555556
5.555555556
5.555555556
5.555555556
5.555555556
5.555555556
5.555555556
5.555555556
5.555555556
5.555555556
5.555555556
5.555555556
5.555555556
5.666666667
5.777777778
5.888888889
6
6.111111111
6.222222222
6.333333333
6.444444444
6.555555556
6.666666667
6.777777778
6.888888889
7
7.111111111
7.222222222
7.333333333
7.444444444
7.555555556
7.666666667
7.777777778
7.888888889
8
8.111111111
8.222222222
8.333333333
8.444444444
8.555555556
8.666666667
8.777777778
8.888888889
8.928240741
8.967592593
9.006944444
9.046296296
9.085648148
9.125
9.164351852
9.203703704
9.243055556
9.282407407
9.321759259
9.361111111
9.400462963
9.439814815
9.479166667
9.518518519
9.55787037
9.597222222
9.636574074
9.675925926
9.715277778
9.75462963
9.793981481
9.833333333
9.872685185
9.912037037
9.951388889
9.990740741
10.03009259
10.06944444
10.1087963
10.14814815
10.1875
10.22685185
10.2662037
10.30555556
10.34490741
10.38425926
10.42361111
10.46296296
10.50231481
10.54166667
10.58101852
10.62037037
10.65972222
10.69907407
10.73842593
10.77777778
10.81712963
10.85648148
10.89583333
10.93518519
10.97453704
11.01388889
11.05324074
11.09259259
11.13194444
11.1712963
11.21064815
11.25
11.23148148
11.21296296
11.19444444
11.17592593
11.15740741
11.13888889
11.12037037
11.10185185
11.08333333
11.06481481
11.0462963
11.02777778
11.00925926
10.99074074
10.97222222
10.9537037
10.93518519
10.91666667
10.89814815
10.87962963
10.86111111
10.84259259
10.82407407
10.80555556
10.78703704
10.76851852
10.75
10.73148148
10.71296296
10.69444444
10.71759259
10.74074074
10.76388889
10.78703704
10.81018519
10.83333333
10.85648148
10.87962963
10.90277778
10.92592593
10.94907407
10.97222222
10.99537037
11.01851852
11.04166667
11.06481481
11.08796296
11.11111111
11.13425926
11.15740741
11.18055556
11.2037037
11.22685185
11.25
11.27314815
11.2962963
11.31944444
11.34259259
11.36574074
11.38888889
11.44444444
11.5
11.55555556
11.61111111
11.66666667
11.72222222
11.77777778
11.83333333
11.88888889
11.94444444
12
12.05555556
12.11111111
12.16666667
12.22222222
12.27777778
12.33333333
12.38888889
12.44444444
12.5
12.55555556
12.61111111
12.66666667
12.72222222
12.77777778
12.83333333
12.88888889
12.94444444
13
13.05555556
13.03240741
13.00925926
12.98611111
12.96296296
12.93981481
12.91666667
12.89351852
12.87037037
12.84722222
12.82407407
12.80092593
12.77777778
12.75462963
12.73148148
12.70833333
12.68518519
12.66203704
12.63888889
12.61574074
12.59259259
12.56944444
12.5462963
12.52314815
12.5
12.47685185
12.4537037
12.43055556
12.40740741
12.38425926
12.36111111
12.33796296
12.31481481
12.29166667
12.26851852
12.24537037
12.22222222
12.19907407
12.17592593
12.15277778
12.12962963
12.10648148
12.08333333
12.06018519
12.03703704
12.01388889
11.99074074
11.96759259
11.94444444
11.9212963
11.89814815
11.875
11.85185185
11.8287037
11.80555556
11.78240741
11.75925926
11.73611111
11.71296296
11.68981481
11.66666667
11.56944444
11.47222222
11.375
11.27777778
11.18055556
11.08333333
10.98611111
10.88888889
10.79166667
10.69444444
10.59722222
10.5
10.40277778
10.30555556
10.20833333
10.11111111
10.01388889
9.916666667
9.819444444
9.722222222
9.625
9.527777778
9.430555556
9.333333333
9.236111111
9.138888889
9.041666667
8.944444444
8.847222222
8.75
8.643518519
8.537037037
8.430555556
8.324074074
8.217592593
8.111111111
8.00462963
7.898148148
7.791666667
7.685185185
7.578703704
7.472222222
7.365740741
7.259259259
7.152777778
7.046296296
6.939814815
6.833333333
6.726851852
6.62037037
6.513888889
6.407407407
6.300925926
6.194444444
6.087962963
5.981481481
5.875
5.768518519
5.662037037
5.555555556
5.546296296
5.537037037
5.527777778
5.518518519
5.509259259
5.5
5.490740741
5.481481481
5.472222222
5.462962963
5.453703704
5.444444444
5.435185185
5.425925926
5.416666667
5.407407407
5.398148148
5.388888889
5.37962963
5.37037037
5.361111111
5.351851852
5.342592593
5.333333333
5.324074074
5.314814815
5.305555556
5.296296296
5.287037037
5.277777778
5.298611111
5.319444444
5.340277778
5.361111111
5.381944444
5.402777778
5.423611111
5.444444444
5.465277778
5.486111111
5.506944444
5.527777778
5.548611111
5.569444444
5.590277778
5.611111111
5.631944444
5.652777778
5.673611111
5.694444444
5.715277778
5.736111111
5.756944444
5.777777778
5.798611111
5.819444444
5.840277778
5.861111111
5.881944444
5.902777778
5.923611111
5.944444444
5.965277778
5.986111111
6.006944444
6.027777778
6.048611111
6.069444444
6.090277778
6.111111111
6.131944444
6.152777778
6.173611111
6.194444444
6.215277778
6.236111111
6.256944444
6.277777778
6.298611111
6.319444444
6.340277778
6.361111111
6.381944444
6.402777778
6.423611111
6.444444444
6.465277778
6.486111111
6.506944444
6.527777778
6.560185185
6.592592593
6.625
6.657407407
6.689814815
6.722222222
6.75462963
6.787037037
6.819444444
6.851851852
6.884259259
6.916666667
6.949074074
6.981481481
7.013888889
7.046296296
7.078703704
7.111111111
7.143518519
7.175925926
7.208333333
7.240740741
7.273148148
7.305555556
7.337962963
7.37037037
7.402777778
7.435185185
7.467592593
7.5
7.481481481
7.462962963
7.444444444
7.425925926
7.407407407
7.388888889
7.37037037
7.351851852
7.333333333
7.314814815
7.296296296
7.277777778
7.259259259
7.240740741
7.222222222
7.203703704
7.185185185
7.166666667
7.148148148
7.12962963
7.111111111
7.092592593
7.074074074
7.055555556
7.037037037
7.018518519
7
6.981481481
6.962962963
6.944444444
7.037037037
7.12962963
7.222222222
7.314814815
7.407407407
7.5
7.592592593
7.685185185
7.777777778
7.87037037
7.962962963
8.055555556
8.148148148
8.240740741
8.333333333
8.425925926
8.518518519
8.611111111
8.703703704
8.796296296
8.888888889
8.981481481
9.074074074
9.166666667
9.259259259
9.351851852
9.444444444
9.537037037
9.62962963
9.722222222
9.768518519
9.814814815
9.861111111
9.907407407
9.953703704
10
10.0462963
10.09259259
10.13888889
10.18518519
10.23148148
10.27777778
10.32407407
10.37037037
10.41666667
10.46296296
10.50925926
10.55555556
10.60185185
10.64814815
10.69444444
10.74074074
10.78703704
10.83333333
10.87962963
10.92592593
10.97222222
11.01851852
11.06481481
11.11111111
11.10185185
11.09259259
11.08333333
11.07407407
11.06481481
11.05555556
11.0462963
11.03703704
11.02777778
11.01851852
11.00925926
11
10.99074074
10.98148148
10.97222222
10.96296296
10.9537037
10.94444444
10.93518519
10.92592593
10.91666667
10.90740741
10.89814815
10.88888889
10.87962963
10.87037037
10.86111111
10.85185185
10.84259259
10.83333333
10.81018519
10.78703704
10.76388889
10.74074074
10.71759259
10.69444444
10.6712963
10.64814815
10.625
10.60185185
10.5787037
10.55555556
10.53240741
10.50925926
10.48611111
10.46296296
10.43981481
10.41666667
10.39351852
10.37037037
10.34722222
10.32407407
10.30092593
10.27777778
10.25462963
10.23148148
10.20833333
10.18518519
10.16203704
10.13888889
10.1712963
10.2037037
10.23611111
10.26851852
10.30092593
10.33333333
10.36574074
10.39814815
10.43055556
10.46296296
10.49537037
10.52777778
10.56018519
10.59259259
10.625
10.65740741
10.68981481
10.72222222
10.75462963
10.78703704
10.81944444
10.85185185
10.88425926
10.91666667
10.94907407
10.98148148
11.01388889
11.0462963
11.0787037
11.11111111
11.0462963
10.98148148
10.91666667
10.85185185
10.78703704
10.72222222
10.65740741
10.59259259
10.52777778
10.46296296
10.39814815
10.33333333
10.26851852
10.2037037
10.13888889
10.07407407
10.00925926
9.944444444
9.87962963
9.814814815
9.75
9.685185185
9.62037037
9.555555556
9.490740741
9.425925926
9.361111111
9.296296296
9.231481481
9.166666667
9.12962963
9.092592593
9.055555556
9.018518519
8.981481481
8.944444444
8.907407407
8.87037037
8.833333333
8.796296296
8.759259259
8.722222222
8.685185185
8.648148148
8.611111111
8.574074074
8.537037037
8.5
8.462962963
8.425925926
8.388888889
8.351851852
8.314814815
8.277777778
8.240740741
8.203703704
8.166666667
8.12962963
8.092592593
8.055555556
8.069444444
8.083333333
8.097222222
8.111111111
8.125
8.138888889
8.152777778
8.166666667
8.180555556
8.194444444
8.208333333
8.222222222
8.236111111
8.25
8.263888889
8.277777778
8.291666667
8.305555556
8.319444444
8.333333333
8.347222222
8.361111111
8.375
8.388888889
8.402777778
8.416666667
8.430555556
8.444444444
8.458333333
8.472222222
8.49537037
8.518518519
8.541666667
8.564814815
8.587962963
8.611111111
8.634259259
8.657407407
8.680555556
8.703703704
8.726851852
8.75
8.773148148
8.796296296
8.819444444
8.842592593
8.865740741
8.888888889
8.912037037
8.935185185
8.958333333
8.981481481
9.00462963
9.027777778
9.050925926
9.074074074
9.097222222
9.12037037
9.143518519
9.166666667
9.25
9.333333333
9.416666667
9.5
9.583333333
9.666666667
9.75
9.833333333
9.916666667
10
10.08333333
10.16666667
10.25
10.33333333
10.41666667
10.5
10.58333333
10.66666667
10.75
10.83333333
10.91666667
11
11.08333333
11.16666667
11.25
11.33333333
11.41666667
11.5
11.58333333
11.66666667
11.56944444
11.47222222
11.375
11.27777778
11.18055556
11.08333333
10.98611111
10.88888889
10.79166667
10.69444444
10.59722222
10.5
10.40277778
10.30555556
10.20833333
10.11111111
10.01388889
9.916666667
9.819444444
9.722222222
9.625
9.527777778
9.430555556
9.333333333
9.236111111
9.138888889
9.041666667
8.944444444
8.847222222
8.75
8.689814815
8.62962963
8.569444444
8.509259259
8.449074074
8.388888889
8.328703704
8.268518519
8.208333333
8.148148148
8.087962963
8.027777778
7.967592593
7.907407407
7.847222222
7.787037037
7.726851852
7.666666667
7.606481481
7.546296296
7.486111111
7.425925926
7.365740741
7.305555556
7.24537037
7.185185185
7.125
7.064814815
7.00462963
6.944444444
6.962962963
6.981481481
7
7.018518519
7.037037037
7.055555556
7.074074074
7.092592593
7.111111111
7.12962963
7.148148148
7.166666667
7.185185185
7.203703704
7.222222222
7.240740741
7.259259259
7.277777778
7.296296296
7.314814815
7.333333333
7.351851852
7.37037037
7.388888889
7.407407407
7.425925926
7.444444444
7.462962963
7.481481481
7.5
7.587962963
7.675925926
7.763888889
7.851851852
7.939814815
8.027777778
8.115740741
8.203703704
8.291666667
8.37962963
8.467592593
8.555555556
8.643518519
8.731481481
8.819444444
8.907407407
8.99537037
9.083333333
9.171296296
9.259259259
9.347222222
9.435185185
9.523148148
9.611111111
9.699074074
9.787037037
9.875
9.962962963
10.05092593
10.13888889
10.17592593
10.21296296
10.25
10.28703704
10.32407407
10.36111111
10.39814815
10.43518519
10.47222222
10.50925926
10.5462963
10.58333333
10.62037037
10.65740741
10.69444444
10.73148148
10.76851852
10.80555556
10.84259259
10.87962963
10.91666667
10.9537037
10.99074074
11.02777778
11.06481481
11.10185185
11.13888889
11.17592593
11.21296296
11.25
11.28703704
11.32407407
11.36111111
11.39814815
11.43518519
11.47222222
11.50925926
11.5462963
11.58333333
11.62037037
11.65740741
11.69444444
11.73148148
11.76851852
11.80555556
11.84259259
11.87962963
11.91666667
11.9537037
11.99074074
12.02777778
12.06481481
12.10185185
12.13888889
12.17592593
12.21296296
12.25
12.28703704
12.32407407
12.36111111
12.19907407
12.03703704
11.875
11.71296296
11.55092593
11.38888889
11.22685185
11.06481481
10.90277778
10.74074074
10.5787037
10.41666667
10.25462963
10.09259259
9.930555556
9.768518519
9.606481481
9.444444444
9.282407407
9.12037037
8.958333333
8.796296296
8.634259259
8.472222222
8.310185185
8.148148148
7.986111111
7.824074074
7.662037037
7.5
7.486111111
7.472222222
7.458333333
7.444444444
7.430555556
7.416666667
7.402777778
7.388888889
7.375
7.361111111
7.347222222
7.333333333
7.319444444
7.305555556
7.291666667
7.277777778
7.263888889
7.25
7.236111111
7.222222222
7.208333333
7.194444444
7.180555556
7.166666667
7.152777778
7.138888889
7.125
7.111111111
7.097222222
7.083333333
7.101851852
7.12037037
7.138888889
7.157407407
7.175925926
7.194444444
7.212962963
7.231481481
7.25
7.268518519
7.287037037
7.305555556
7.324074074
7.342592593
7.361111111
7.37962963
7.398148148
7.416666667
7.435185185
7.453703704
7.472222222
7.490740741
7.509259259
7.527777778
7.546296296
7.564814815
7.583333333
7.601851852
7.62037037
7.638888889
7.736111111
7.833333333
7.930555556
8.027777778
8.125
8.222222222
8.319444444
8.416666667
8.513888889
8.611111111
8.708333333
8.805555556
8.902777778
9
9.097222222
9.194444444
9.291666667
9.388888889
9.486111111
9.583333333
9.680555556
9.777777778
9.875
9.972222222
10.06944444
10.16666667
10.26388889
10.36111111
10.45833333
10.55555556
10.61574074
10.67592593
10.73611111
10.7962963
10.85648148
10.91666667
10.97685185
11.03703704
11.09722222
11.15740741
11.21759259
11.27777778
11.33796296
11.39814815
11.45833333
11.51851852
11.5787037
11.63888889
11.69907407
11.75925926
11.81944444
11.87962963
11.93981481
12
12.06018519
12.12037037
12.18055556
12.24074074
12.30092593
12.36111111
12.41203704
12.46296296
12.51388889
12.56481481
12.61574074
12.66666667
12.71759259
12.76851852
12.81944444
12.87037037
12.9212963
12.97222222
13.02314815
13.07407407
13.125
13.17592593
13.22685185
13.27777778
13.3287037
13.37962963
13.43055556
13.48148148
13.53240741
13.58333333
13.63425926
13.68518519
13.73611111
13.78703704
13.83796296
13.88888889
13.86574074
13.84259259
13.81944444
13.7962963
13.77314815
13.75
13.72685185
13.7037037
13.68055556
13.65740741
13.63425926
13.61111111
13.58796296
13.56481481
13.54166667
13.51851852
13.49537037
13.47222222
13.44907407
13.42592593
13.40277778
13.37962963
13.35648148
13.33333333
13.31018519
13.28703704
13.26388889
13.24074074
13.21759259
13.19444444
13.09722222
13
12.90277778
12.80555556
12.70833333
12.61111111
12.51388889
12.41666667
12.31944444
12.22222222
12.125
12.02777778
11.93055556
11.83333333
11.73611111
11.63888889
11.54166667
11.44444444
11.34722222
11.25
11.15277778
11.05555556
10.95833333
10.86111111
10.76388889
10.66666667
10.56944444
10.47222222
10.375
10.27777778
10.23611111
10.19444444
10.15277778
10.11111111
10.06944444
10.02777778
9.986111111
9.944444444
9.902777778
9.861111111
9.819444444
9.777777778
9.736111111
9.694444444
9.652777778
9.611111111
9.569444444
9.527777778
9.486111111
9.444444444
9.402777778
9.361111111
9.319444444
9.277777778
9.236111111
9.194444444
9.152777778
9.111111111
9.069444444
9.027777778
8.981481481
8.935185185
8.888888889
8.842592593
8.796296296
8.75
8.703703704
8.657407407
8.611111111
8.564814815
8.518518519
8.472222222
8.425925926
8.37962963
8.333333333
8.287037037
8.240740741
8.194444444
8.148148148
8.101851852
8.055555556
8.009259259
7.962962963
7.916666667
7.87037037
7.824074074
7.777777778
7.731481481
7.685185185
7.638888889
7.662037037
7.685185185
7.708333333
7.731481481
7.75462963
7.777777778
7.800925926
7.824074074
7.847222222
7.87037037
7.893518519
7.916666667
7.939814815
7.962962963
7.986111111
8.009259259
8.032407407
8.055555556
8.078703704
8.101851852
8.125
8.148148148
8.171296296
8.194444444
8.217592593
8.240740741
8.263888889
8.287037037
8.310185185
8.333333333
8.337962963
8.342592593
8.347222222
8.351851852
8.356481481
8.361111111
8.365740741
8.37037037
8.375
8.37962963
8.384259259
8.388888889
8.393518519
8.398148148
8.402777778
8.407407407
8.412037037
8.416666667
8.421296296
8.425925926
8.430555556
8.435185185
8.439814815
8.444444444
8.449074074
8.453703704
8.458333333
8.462962963
8.467592593
8.472222222
8.462962963
8.453703704
8.444444444
8.435185185
8.425925926
8.416666667
8.407407407
8.398148148
8.388888889
8.37962963
8.37037037
8.361111111
8.351851852
8.342592593
8.333333333
8.324074074
8.314814815
8.305555556
8.296296296
8.287037037
8.277777778
8.268518519
8.259259259
8.25
8.240740741
8.231481481
8.222222222
8.212962963
8.203703704
8.194444444
8.189814815
8.185185185
8.180555556
8.175925926
8.171296296
8.166666667
8.162037037
8.157407407
8.152777778
8.148148148
8.143518519
8.138888889
8.134259259
8.12962963
8.125
8.12037037
8.115740741
8.111111111
8.106481481
8.101851852
8.097222222
8.092592593
8.087962963
8.083333333
8.078703704
8.074074074
8.069444444
8.064814815
8.060185185
8.055555556
8.074074074
8.092592593
8.111111111
8.12962963
8.148148148
8.166666667
8.185185185
8.203703704
8.222222222
8.240740741
8.259259259
8.277777778
8.296296296
8.314814815
8.333333333
8.351851852
8.37037037
8.388888889
8.407407407
8.425925926
8.444444444
8.462962963
8.481481481
8.5
8.518518519
8.537037037
8.555555556
8.574074074
8.592592593
8.611111111
8.62037037
8.62962963
8.638888889
8.648148148
8.657407407
8.666666667
8.675925926
8.685185185
8.694444444
8.703703704
8.712962963
8.722222222
8.731481481
8.740740741
8.75
8.759259259
8.768518519
8.777777778
8.787037037
8.796296296
8.805555556
8.814814815
8.824074074
8.833333333
8.842592593
8.851851852
8.861111111
8.87037037
8.87962963
8.888888889
8.925925926
8.962962963
9
9.037037037
9.074074074
9.111111111
9.148148148
9.185185185
9.222222222
9.259259259
9.296296296
9.333333333
9.37037037
9.407407407
9.444444444
9.481481481
9.518518519
9.555555556
9.592592593
9.62962963
9.666666667
9.703703704
9.740740741
9.777777778
9.814814815
9.851851852
9.888888889
9.925925926
9.962962963
10
10.07407407
10.14814815
10.22222222
10.2962963
10.37037037
10.44444444
10.51851852
10.59259259
10.66666667
10.74074074
10.81481481
10.88888889
10.96296296
11.03703704
11.11111111
11.18518519
11.25925926
11.33333333
11.40740741
11.48148148
11.55555556
11.62962963
11.7037037
11.77777778
11.85185185
11.92592593
12
12.07407407
12.14814815
12.22222222
12.25925926
12.2962963
12.33333333
12.37037037
12.40740741
12.44444444
12.48148148
12.51851852
12.55555556
12.59259259
12.62962963
12.66666667
12.7037037
12.74074074
12.77777778
12.81481481
12.85185185
12.88888889
12.92592593
12.96296296
13
13.03703704
13.07407407
13.11111111
13.14814815
13.18518519
13.22222222
13.25925926
13.2962963
13.33333333
13.3287037
13.32407407
13.31944444
13.31481481
13.31018519
13.30555556
13.30092593
13.2962963
13.29166667
13.28703704
13.28240741
13.27777778
13.27314815
13.26851852
13.26388889
13.25925926
13.25462963
13.25
13.24537037
13.24074074
13.23611111
13.23148148
13.22685185
13.22222222
13.21759259
13.21296296
13.20833333
13.2037037
13.19907407
13.19444444
13.11111111
13.02777778
12.94444444
12.86111111
12.77777778
12.69444444
12.61111111
12.52777778
12.44444444
12.36111111
12.27777778
12.19444444
12.11111111
12.02777778
11.94444444
11.86111111
11.77777778
11.69444444
11.61111111
11.52777778
11.44444444
11.36111111
11.27777778
11.19444444
11.11111111
11.02777778
10.94444444
10.86111111
10.77777778
10.69444444
10.69907407
10.7037037
10.70833333
10.71296296
10.71759259
10.72222222
10.72685185
10.73148148
10.73611111
10.74074074
10.74537037
10.75
10.75462963
10.75925926
10.76388889
10.76851852
10.77314815
10.77777778
10.78240741
10.78703704
10.79166667
10.7962963
10.80092593
10.80555556
10.81018519
10.81481481
10.81944444
10.82407407
10.8287037
10.83333333
10.88888889
10.94444444
11
11.05555556
11.11111111
11.16666667
11.22222222
11.27777778
11.33333333
11.38888889
11.44444444
11.5
11.55555556
11.61111111
11.66666667
11.72222222
11.77777778
11.83333333
11.88888889
11.94444444
12
12.05555556
12.11111111
12.16666667
12.22222222
12.27777778
12.33333333
12.38888889
12.44444444
12.5
12.54166667
12.58333333
12.625
12.66666667
12.70833333
12.75
12.79166667
12.83333333
12.875
12.91666667
12.95833333
13
13.04166667
13.08333333
13.125
13.16666667
13.20833333
13.25
13.29166667
13.33333333
13.375
13.41666667
13.45833333
13.5
13.54166667
13.58333333
13.625
13.66666667
13.70833333
13.75
13.68981481
13.62962963
13.56944444
13.50925926
13.44907407
13.38888889
13.3287037
13.26851852
13.20833333
13.14814815
13.08796296
13.02777778
12.96759259
12.90740741
12.84722222
12.78703704
12.72685185
12.66666667
12.60648148
12.5462963
12.48611111
12.42592593
12.36574074
12.30555556
12.24537037
12.18518519
12.125
12.06481481
12.00462963
11.94444444
11.81018519
11.67592593
11.54166667
11.40740741
11.27314815
11.13888889
11.00462963
10.87037037
10.73611111
10.60185185
10.46759259
10.33333333
10.19907407
10.06481481
9.930555556
9.796296296
9.662037037
9.527777778
9.393518519
9.259259259
9.125
8.990740741
8.856481481
8.722222222
8.587962963
8.453703704
8.319444444
8.185185185
8.050925926
7.916666667
7.865740741
7.814814815
7.763888889
7.712962963
7.662037037
7.611111111
7.560185185
7.509259259
7.458333333
7.407407407
7.356481481
7.305555556
7.25462963
7.203703704
7.152777778
7.101851852
7.050925926
7
6.949074074
6.898148148
6.847222222
6.796296296
6.74537037
6.694444444
6.643518519
6.592592593
6.541666667
6.490740741
6.439814815
6.388888889
6.37962963
6.37037037
6.361111111
6.351851852
6.342592593
6.333333333
6.324074074
6.314814815
6.305555556
6.296296296
6.287037037
6.277777778
6.268518519
6.259259259
6.25
6.240740741
6.231481481
6.222222222
6.212962963
6.203703704
6.194444444
6.185185185
6.175925926
6.166666667
6.157407407
6.148148148
6.138888889
6.12962963
6.12037037
6.111111111
6.12037037
6.12962963
6.138888889
6.148148148
6.157407407
6.166666667
6.175925926
6.185185185
6.194444444
6.203703704
6.212962963
6.222222222
6.231481481
6.240740741
6.25
6.259259259
6.268518519
6.277777778
6.287037037
6.296296296
6.305555556
6.314814815
6.324074074
6.333333333
6.342592593
6.351851852
6.361111111
6.37037037
6.37962963
6.388888889
6.449074074
6.509259259
6.569444444
6.62962963
6.689814815
6.75
6.810185185
6.87037037
6.930555556
6.990740741
7.050925926
7.111111111
7.171296296
7.231481481
7.291666667
7.351851852
7.412037037
7.472222222
7.532407407
7.592592593
7.652777778
7.712962963
7.773148148
7.833333333
7.893518519
7.953703704
8.013888889
8.074074074
8.134259259
8.194444444
8.277777778
8.361111111
8.444444444
8.527777778
8.611111111
8.694444444
8.777777778
8.861111111
8.944444444
9.027777778
9.111111111
9.194444444
9.277777778
9.361111111
9.444444444
9.527777778
9.611111111
9.694444444
9.777777778
9.861111111
9.944444444
10.02777778
10.11111111
10.19444444
10.27777778
10.36111111
10.44444444
10.52777778
10.61111111
10.69444444
10.69907407
10.7037037
10.70833333
10.71296296
10.71759259
10.72222222
10.72685185
10.73148148
10.73611111
10.74074074
10.74537037
10.75
10.75462963
10.75925926
10.76388889
10.76851852
10.77314815
10.77777778
10.78240741
10.78703704
10.79166667
10.7962963
10.80092593
10.80555556
10.81018519
10.81481481
10.81944444
10.82407407
10.8287037
10.83333333
10.84722222
10.86111111
10.875
10.88888889
10.90277778
10.91666667
10.93055556
10.94444444
10.95833333
10.97222222
10.98611111
11
11.01388889
11.02777778
11.04166667
11.05555556
11.06944444
11.08333333
11.09722222
11.11111111
11.125
11.13888889
11.15277778
11.16666667
11.18055556
11.19444444
11.20833333
11.22222222
11.23611111
11.25
11.28703704
11.32407407
11.36111111
11.39814815
11.43518519
11.47222222
11.50925926
11.5462963
11.58333333
11.62037037
11.65740741
11.69444444
11.73148148
11.76851852
11.80555556
11.84259259
11.87962963
11.91666667
11.9537037
11.99074074
12.02777778
12.06481481
12.10185185
12.13888889
12.17592593
12.21296296
12.25
12.28703704
12.32407407
12.36111111
12.40740741
12.4537037
12.5
12.5462963
12.59259259
12.63888889
12.68518519
12.73148148
12.77777778
12.82407407
12.87037037
12.91666667
12.96296296
13.00925926
13.05555556
13.10185185
13.14814815
13.19444444
13.24074074
13.28703704
13.33333333
13.37962963
13.42592593
13.47222222
13.51851852
13.56481481
13.61111111
13.65740741
13.7037037
13.75
13.74537037
13.74074074
13.73611111
13.73148148
13.72685185
13.72222222
13.71759259
13.71296296
13.70833333
13.7037037
13.69907407
13.69444444
13.68981481
13.68518519
13.68055556
13.67592593
13.6712963
13.66666667
13.66203704
13.65740741
13.65277778
13.64814815
13.64351852
13.63888889
13.63425926
13.62962963
13.625
13.62037037
13.61574074
13.61111111
13.47685185
13.34259259
13.20833333
13.07407407
12.93981481
12.80555556
12.6712963
12.53703704
12.40277778
12.26851852
12.13425926
12
11.86574074
11.73148148
11.59722222
11.46296296
11.3287037
11.19444444
11.06018519
10.92592593
10.79166667
10.65740741
10.52314815
10.38888889
10.25462963
10.12037037
9.986111111
9.851851852
9.717592593
9.583333333
9.50462963
9.425925926
9.347222222
9.268518519
9.189814815
9.111111111
9.032407407
8.953703704
8.875
8.796296296
8.717592593
8.638888889
8.560185185
8.481481481
8.402777778
8.324074074
8.24537037
8.166666667
8.087962963
8.009259259
7.930555556
7.851851852
7.773148148
7.694444444
7.615740741
7.537037037
7.458333333
7.37962963
7.300925926
7.222222222
7.194444444
7.166666667
7.138888889
7.111111111
7.083333333
7.055555556
7.027777778
7
6.972222222
6.944444444
6.916666667
6.888888889
6.861111111
6.833333333
6.805555556
6.777777778
6.75
6.722222222
6.694444444
6.666666667
6.638888889
6.611111111
6.583333333
6.555555556
6.527777778
6.5
6.472222222
6.444444444
6.416666667
6.388888889
6.361111111
6.333333333
6.305555556
6.277777778
6.25
6.222222222
6.194444444
6.166666667
6.138888889
6.111111111
6.083333333
6.055555556
6.027777778
6
5.972222222
5.944444444
5.916666667
5.888888889
5.861111111
5.833333333
5.805555556
5.777777778
5.75
5.722222222
5.694444444
5.666666667
5.638888889
5.611111111
5.583333333
5.555555556
5.62037037
5.685185185
5.75
5.814814815
5.87962963
5.944444444
6.009259259
6.074074074
6.138888889
6.203703704
6.268518519
6.333333333
6.398148148
6.462962963
6.527777778
6.592592593
6.657407407
6.722222222
6.787037037
6.851851852
6.916666667
6.981481481
7.046296296
7.111111111
7.175925926
7.240740741
7.305555556
7.37037037
7.435185185
7.5
7.490740741
7.481481481
7.472222222
7.462962963
7.453703704
7.444444444
7.435185185
7.425925926
7.416666667
7.407407407
7.398148148
7.388888889
7.37962963
7.37037037
7.361111111
7.351851852
7.342592593
7.333333333
7.324074074
7.314814815
7.305555556
7.296296296
7.287037037
7.277777778
7.268518519
7.259259259
7.25
7.240740741
7.231481481
7.222222222
7.203703704
7.185185185
7.166666667
7.148148148
7.12962963
7.111111111
7.092592593
7.074074074
7.055555556
7.037037037
7.018518519
7
6.981481481
6.962962963
6.944444444
6.925925926
6.907407407
6.888888889
6.87037037
6.851851852
6.833333333
6.814814815
6.796296296
6.777777778
6.759259259
6.740740741
6.722222222
6.703703704
6.685185185
6.666666667
6.768518519
6.87037037
6.972222222
7.074074074
7.175925926
7.277777778
7.37962963
7.481481481
7.583333333
7.685185185
7.787037037
7.888888889
7.990740741
8.092592593
8.194444444
8.296296296
8.398148148
8.5
8.601851852
8.703703704
8.805555556
8.907407407
9.009259259
9.111111111
9.212962963
9.314814815
9.416666667
9.518518519
9.62037037
9.722222222
9.787037037
9.851851852
9.916666667
9.981481481
10.0462963
10.11111111
10.17592593
10.24074074
10.30555556
10.37037037
10.43518519
10.5
10.56481481
10.62962963
10.69444444
10.75925926
10.82407407
10.88888889
10.9537037
11.01851852
11.08333333
11.14814815
11.21296296
11.27777778
11.34259259
11.40740741
11.47222222
11.53703704
11.60185185
11.66666667
11.65277778
11.63888889
11.625
11.61111111
11.59722222
11.58333333
11.56944444
11.55555556
11.54166667
11.52777778
11.51388889
11.5
11.48611111
11.47222222
11.45833333
11.44444444
11.43055556
11.41666667
11.40277778
11.38888889
11.375
11.36111111
11.34722222
11.33333333
11.31944444
11.30555556
11.29166667
11.27777778
11.26388889
11.25
11.22685185
11.2037037
11.18055556
11.15740741
11.13425926
11.11111111
11.08796296
11.06481481
11.04166667
11.01851852
10.99537037
10.97222222
10.94907407
10.92592593
10.90277778
10.87962963
10.85648148
10.83333333
10.81018519
10.78703704
10.76388889
10.74074074
10.71759259
10.69444444
10.6712963
10.64814815
10.625
10.60185185
10.5787037
10.55555556
10.57407407
10.59259259
10.61111111
10.62962963
10.64814815
10.66666667
10.68518519
10.7037037
10.72222222
10.74074074
10.75925926
10.77777778
10.7962963
10.81481481
10.83333333
10.85185185
10.87037037
10.88888889
10.90740741
10.92592593
10.94444444
10.96296296
10.98148148
11
11.01851852
11.03703704
11.05555556
11.07407407
11.09259259
11.11111111
11.07407407
11.03703704
11
10.96296296
10.92592593
10.88888889
10.85185185
10.81481481
10.77777778
10.74074074
10.7037037
10.66666667
10.62962963
10.59259259
10.55555556
10.51851852
10.48148148
10.44444444
10.40740741
10.37037037
10.33333333
10.2962963
10.25925926
10.22222222
10.18518519
10.14814815
10.11111111
10.07407407
10.03703704
10
9.958333333
9.916666667
9.875
9.833333333
9.791666667
9.75
9.708333333
9.666666667
9.625
9.583333333
9.541666667
9.5
9.458333333
9.416666667
9.375
9.333333333
9.291666667
9.25
9.208333333
9.166666667
9.125
9.083333333
9.041666667
9
8.958333333
8.916666667
8.875
8.833333333
8.791666667
8.75
8.759259259
8.768518519
8.777777778
8.787037037
8.796296296
8.805555556
8.814814815
8.824074074
8.833333333
8.842592593
8.851851852
8.861111111
8.87037037
8.87962963
8.888888889
8.898148148
8.907407407
8.916666667
8.925925926
8.935185185
8.944444444
8.953703704
8.962962963
8.972222222
8.981481481
8.990740741
9
9.009259259
9.018518519
9.027777778
9.083333333
9.138888889
9.194444444
9.25
9.305555556
9.361111111
9.416666667
9.472222222
9.527777778
9.583333333
9.638888889
9.694444444
9.75
9.805555556
9.861111111
9.916666667
9.972222222
10.02777778
10.08333333
10.13888889
10.19444444
10.25
10.30555556
10.36111111
10.41666667
10.47222222
10.52777778
10.58333333
10.63888889
10.69444444
10.68055556
10.66666667
10.65277778
10.63888889
10.625
10.61111111
10.59722222
10.58333333
10.56944444
10.55555556
10.54166667
10.52777778
10.51388889
10.5
10.48611111
10.47222222
10.45833333
10.44444444
10.43055556
10.41666667
10.40277778
10.38888889
10.375
10.36111111
10.34722222
10.33333333
10.31944444
10.30555556
10.29166667
10.27777778
10.15740741
10.03703704
9.916666667
9.796296296
9.675925926
9.555555556
9.435185185
9.314814815
9.194444444
9.074074074
8.953703704
8.833333333
8.712962963
8.592592593
8.472222222
8.351851852
8.231481481
8.111111111
7.990740741
7.87037037
7.75
7.62962963
7.509259259
7.388888889
7.268518519
7.148148148
7.027777778
6.907407407
6.787037037
6.666666667
6.657407407
6.648148148
6.638888889
6.62962963
6.62037037
6.611111111
6.601851852
6.592592593
6.583333333
6.574074074
6.564814815
6.555555556
6.546296296
6.537037037
6.527777778
6.518518519
6.509259259
6.5
6.490740741
6.481481481
6.472222222
6.462962963
6.453703704
6.444444444
6.435185185
6.425925926
6.416666667
6.407407407
6.398148148
6.388888889
6.458333333
6.527777778
6.597222222
6.666666667
6.736111111
6.805555556
6.875
6.944444444
7.013888889
7.083333333
7.152777778
7.222222222
7.291666667
7.361111111
7.430555556
7.5
7.569444444
7.638888889
7.708333333
7.777777778
7.847222222
7.916666667
7.986111111
8.055555556
8.125
8.194444444
8.263888889
8.333333333
8.402777778
8.472222222
8.527777778
8.583333333
8.638888889
8.694444444
8.75
8.805555556
8.861111111
8.916666667
8.972222222
9.027777778
9.083333333
9.138888889
9.194444444
9.25
9.305555556
9.361111111
9.416666667
9.472222222
9.527777778
9.583333333
9.638888889
9.694444444
9.75
9.805555556
9.861111111
9.916666667
9.972222222
10.02777778
10.08333333
10.13888889
10.21296296
10.28703704
10.36111111
10.43518519
10.50925926
10.58333333
10.65740741
10.73148148
10.80555556
10.87962963
10.9537037
11.02777778
11.10185185
11.17592593
11.25
11.32407407
11.39814815
11.47222222
11.5462963
11.62037037
11.69444444
11.76851852
11.84259259
11.91666667
11.99074074
12.06481481
12.13888889
12.21296296
12.28703704
12.36111111
12.25462963
12.14814815
12.04166667
11.93518519
11.8287037
11.72222222
11.61574074
11.50925926
11.40277778
11.2962963
11.18981481
11.08333333
10.97685185
10.87037037
10.76388889
10.65740741
10.55092593
10.44444444
10.33796296
10.23148148
10.125
10.01851852
9.912037037
9.805555556
9.699074074
9.592592593
9.486111111
9.37962963
9.273148148
9.166666667
9.101851852
9.037037037
8.972222222
8.907407407
8.842592593
8.777777778
8.712962963
8.648148148
8.583333333
8.518518519
8.453703704
8.388888889
8.324074074
8.259259259
8.194444444
8.12962963
8.064814815
8
7.935185185
7.87037037
7.805555556
7.740740741
7.675925926
7.611111111
7.546296296
7.481481481
7.416666667
7.351851852
7.287037037
7.222222222
7.222222222
7.222222222
7.222222222
7.222222222
7.222222222
7.222222222
7.222222222
7.222222222
7.222222222
7.222222222
7.222222222
7.222222222
7.222222222
7.222222222
7.222222222
7.222222222
7.222222222
7.222222222
7.222222222
7.222222222
7.222222222
7.222222222
7.222222222
7.222222222
7.222222222
7.222222222
7.222222222
7.222222222
7.222222222
7.222222222
7.305555556
7.388888889
7.472222222
7.555555556
7.638888889
7.722222222
7.805555556
7.888888889
7.972222222
8.055555556
8.138888889
8.222222222
8.305555556
8.388888889
8.472222222
8.555555556
8.638888889
8.722222222
8.805555556
8.888888889
8.972222222
9.055555556
9.138888889
9.222222222
9.305555556
9.388888889
9.472222222
9.555555556
9.638888889
9.722222222
9.759259259
9.796296296
9.833333333
9.87037037
9.907407407
9.944444444
9.981481481
10.01851852
10.05555556
10.09259259
10.12962963
10.16666667
10.2037037
10.24074074
10.27777778
10.31481481
10.35185185
10.38888889
10.42592593
10.46296296
10.5
10.53703704
10.57407407
10.61111111
10.64814815
10.68518519
10.72222222
10.75925926
10.7962963
10.83333333
10.89351852
10.9537037
11.01388889
11.07407407
11.13425926
11.19444444
11.25462963
11.31481481
11.375
11.43518519
11.49537037
11.55555556
11.61574074
11.67592593
11.73611111
11.7962963
11.85648148
11.91666667
11.97685185
12.03703704
12.09722222
12.15740741
12.21759259
12.27777778
12.33796296
12.39814815
12.45833333
12.51851852
12.5787037
12.63888889
12.68518519
12.73148148
12.77777778
12.82407407
12.87037037
12.91666667
12.96296296
13.00925926
13.05555556
13.10185185
13.14814815
13.19444444
13.24074074
13.28703704
13.33333333
13.37962963
13.42592593
13.47222222
13.51851852
13.56481481
13.61111111
13.65740741
13.7037037
13.75
13.7962963
13.84259259
13.88888889
13.93518519
13.98148148
14.02777778
14.01388889
14
13.98611111
13.97222222
13.95833333
13.94444444
13.93055556
13.91666667
13.90277778
13.88888889
13.875
13.86111111
13.84722222
13.83333333
13.81944444
13.80555556
13.79166667
13.77777778
13.76388889
13.75
13.73611111
13.72222222
13.70833333
13.69444444
13.68055556
13.66666667
13.65277778
13.63888889
13.625
13.61111111
13.51851852
13.42592593
13.33333333
13.24074074
13.14814815
13.05555556
12.96296296
12.87037037
12.77777778
12.68518519
12.59259259
12.5
12.40740741
12.31481481
12.22222222
12.12962963
12.03703704
11.94444444
11.85185185
11.75925926
11.66666667
11.57407407
11.48148148
11.38888889
11.2962963
11.2037037
11.11111111
11.01851852
10.92592593
10.83333333
10.73611111
10.63888889
10.54166667
10.44444444
10.34722222
10.25
10.15277778
10.05555556
9.958333333
9.861111111
9.763888889
9.666666667
9.569444444
9.472222222
9.375
9.277777778
9.180555556
9.083333333
8.986111111
8.888888889
8.791666667
8.694444444
8.597222222
8.5
8.402777778
8.305555556
8.208333333
8.111111111
8.013888889
7.916666667
7.944444444
7.972222222
8
8.027777778
8.055555556
8.083333333
8.111111111
8.138888889
8.166666667
8.194444444
8.222222222
8.25
8.277777778
8.305555556
8.333333333
8.361111111
8.388888889
8.416666667
8.444444444
8.472222222
8.5
8.527777778
8.555555556
8.583333333
8.611111111
8.638888889
8.666666667
8.694444444
8.722222222
8.75
8.75462963
8.759259259
8.763888889
8.768518519
8.773148148
8.777777778
8.782407407
8.787037037
8.791666667
8.796296296
8.800925926
8.805555556
8.810185185
8.814814815
8.819444444
8.824074074
8.828703704
8.833333333
8.837962963
8.842592593
8.847222222
8.851851852
8.856481481
8.861111111
8.865740741
8.87037037
8.875
8.87962963
8.884259259
8.888888889
8.87962963
8.87037037
8.861111111
8.851851852
8.842592593
8.833333333
8.824074074
8.814814815
8.805555556
8.796296296
8.787037037
8.777777778
8.768518519
8.759259259
8.75
8.740740741
8.731481481
8.722222222
8.712962963
8.703703704
8.694444444
8.685185185
8.675925926
8.666666667
8.657407407
8.648148148
8.638888889
8.62962963
8.62037037
8.611111111
8.625
8.638888889
8.652777778
8.666666667
8.680555556
8.694444444
8.708333333
8.722222222
8.736111111
8.75
8.763888889
8.777777778
8.791666667
8.805555556
8.819444444
8.833333333
8.847222222
8.861111111
8.875
8.888888889
8.902777778
8.916666667
8.930555556
8.944444444
8.958333333
8.972222222
8.986111111
9
9.013888889
9.027777778
9.092592593
9.157407407
9.222222222
9.287037037
9.351851852
9.416666667
9.481481481
9.546296296
9.611111111
9.675925926
9.740740741
9.805555556
9.87037037
9.935185185
10
10.06481481
10.12962963
10.19444444
10.25925926
10.32407407
10.38888889
10.4537037
10.51851852
10.58333333
10.64814815
10.71296296
10.77777778
10.84259259
10.90740741
10.97222222
11.01851852
11.06481481
11.11111111
11.15740741
11.2037037
11.25
11.2962963
11.34259259
11.38888889
11.43518519
11.48148148
11.52777778
11.57407407
11.62037037
11.66666667
11.71296296
11.75925926
11.80555556
11.85185185
11.89814815
11.94444444
11.99074074
12.03703704
12.08333333
12.12962963
12.17592593
12.22222222
12.26851852
12.31481481
12.36111111
12.41666667
12.47222222
12.52777778
12.58333333
12.63888889
12.69444444
12.75
12.80555556
12.86111111
12.91666667
12.97222222
13.02777778
13.08333333
13.13888889
13.19444444
13.25
13.30555556
13.36111111
13.41666667
13.47222222
13.52777778
13.58333333
13.63888889
13.69444444
13.75
13.80555556
13.86111111
13.91666667
13.97222222
14.02777778
14.06018519
14.09259259
14.125
14.15740741
14.18981481
14.22222222
14.25462963
14.28703704
14.31944444
14.35185185
14.38425926
14.41666667
14.44907407
14.48148148
14.51388889
14.5462963
14.5787037
14.61111111
14.64351852
14.67592593
14.70833333
14.74074074
14.77314815
14.80555556
14.83796296
14.87037037
14.90277778
14.93518519
14.96759259
15
14.95833333
14.91666667
14.875
14.83333333
14.79166667
14.75
14.70833333
14.66666667
14.625
14.58333333
14.54166667
14.5
14.45833333
14.41666667
14.375
14.33333333
14.29166667
14.25
14.20833333
14.16666667
14.125
14.08333333
14.04166667
14
13.95833333
13.91666667
13.875
13.83333333
13.79166667
13.75
13.67592593
13.60185185
13.52777778
13.4537037
13.37962963
13.30555556
13.23148148
13.15740741
13.08333333
13.00925926
12.93518519
12.86111111
12.78703704
12.71296296
12.63888889
12.56481481
12.49074074
12.41666667
12.34259259
12.26851852
12.19444444
12.12037037
12.0462963
11.97222222
11.89814815
11.82407407
11.75
11.67592593
11.60185185
11.52777778
11.48148148
11.43518519
11.38888889
11.34259259
11.2962963
11.25
11.2037037
11.15740741
11.11111111
11.06481481
11.01851852
10.97222222
10.92592593
10.87962963
10.83333333
10.78703704
10.74074074
10.69444444
10.64814815
10.60185185
10.55555556
10.50925926
10.46296296
10.41666667
10.37037037
10.32407407
10.27777778
10.23148148
10.18518519
10.13888889
10.18055556
10.22222222
10.26388889
10.30555556
10.34722222
10.38888889
10.43055556
10.47222222
10.51388889
10.55555556
10.59722222
10.63888889
10.68055556
10.72222222
10.76388889
10.80555556
10.84722222
10.88888889
10.93055556
10.97222222
11.01388889
11.05555556
11.09722222
11.13888889
11.18055556
11.22222222
11.26388889
11.30555556
11.34722222
11.38888889
11.44907407
11.50925926
11.56944444
11.62962963
11.68981481
11.75
11.81018519
11.87037037
11.93055556
11.99074074
12.05092593
12.11111111
12.1712963
12.23148148
12.29166667
12.35185185
12.41203704
12.47222222
12.53240741
12.59259259
12.65277778
12.71296296
12.77314815
12.83333333
12.89351852
12.9537037
13.01388889
13.07407407
13.13425926
13.19444444
13.18981481
13.18518519
13.18055556
13.17592593
13.1712963
13.16666667
13.16203704
13.15740741
13.15277778
13.14814815
13.14351852
13.13888889
13.13425926
13.12962963
13.125
13.12037037
13.11574074
13.11111111
13.10648148
13.10185185
13.09722222
13.09259259
13.08796296
13.08333333
13.0787037
13.07407407
13.06944444
13.06481481
13.06018519
13.05555556
